### First test: ( endtime= 15, episodes 200, percentage 60% 40%)

attended req [603, 660, 622, 576, 618, 582, 595, 574, 592, 596, 572, 558, 630, 621, 626, 585, 587, 621, 574, 578, 603, 628, 616, 598, 578, 609, 583, 608, 637, 600, 563, 582, 556, 604, 611, 593, 593, 647, 593, 619, 628, 592, 609, 545, 599, 606, 602, 590, 608, 568, 605, 644, 563, 625, 590, 591, 619, 574, 599, 582, 600, 606, 609, 610, 577, 588, 617, 612, 633, 591, 618, 611, 656, 536, 586, 580, 597, 585, 560, 594, 584, 569, 578, 608, 641, 656, 605, 562, 602, 619, 598, 652, 608, 618, 581, 580, 556, 630, 613, 633, 590, 634, 599, 598, 552, 560, 587, 618, 599, 579, 573, 589, 595, 612, 597, 648, 592, 633, 641, 629, 614, 616, 618, 618, 661, 607, 619, 596, 608, 601, 625, 600, 593, 577, 614, 612, 579, 602, 596, 609, 571, 601, 595, 647, 597, 599, 566, 641, 581, 649, 603, 553, 623, 590, 592, 625, 600, 582, 570, 574, 575, 617, 610, 623, 608, 585, 587, 583, 614, 576, 618, 591, 594, 580, 577, 624, 636, 622, 577, 570, 638, 582, 594, 603, 623, 612, 597, 595, 565, 606, 568, 592, 599, 614, 553, 636, 589, 563, 582, 589]

accepted req [490, 543, 526, 484, 505, 508, 505, 508, 502, 501, 507, 472, 529, 511, 525, 504, 513, 512, 493, 489, 504, 499, 509, 489, 501, 492, 483, 507, 509, 495, 477, 501, 475, 509, 506, 473, 461, 529, 474, 493, 502, 448, 493, 444, 468, 482, 480, 474, 459, 453, 453, 461, 445, 480, 447, 463, 462, 442, 424, 433, 465, 447, 447, 446, 394, 399, 421, 411, 413, 411, 418, 431, 407, 384, 382, 383, 362, 371, 377, 353, 385, 353, 371, 361, 351, 404, 386, 372, 372, 382, 362, 335, 363, 358, 308, 307, 316, 363, 345, 319, 307, 351, 316, 308, 290, 283, 312, 304, 353, 301, 272, 304, 330, 342, 293, 309, 291, 307, 334, 315, 292, 326, 286, 323, 289, 310, 286, 296, 319, 320, 292, 312, 321, 298, 327, 318, 302, 304, 285, 274, 309, 321, 307, 297, 302, 291, 295, 302, 306, 325, 291, 252, 280, 306, 274, 320, 314, 313, 298, 307, 300, 298, 307, 278, 315, 283, 275, 287, 302, 273, 288, 292, 270, 302, 274, 320, 258, 300, 271, 268, 314, 285, 270, 277, 237, 248, 276, 270, 252, 255, 265, 264, 273, 297, 260, 243, 266, 251, 268, 248]

terminated_req [474, 525, 502, 465, 489, 492, 486, 484, 477, 479, 486, 452, 505, 487, 504, 481, 494, 493, 472, 465, 482, 474, 488, 471, 478, 470, 461, 477, 486, 475, 456, 483, 459, 486, 484, 451, 447, 514, 457, 470, 487, 429, 472, 428, 443, 458, 464, 455, 433, 438, 439, 447, 429, 460, 431, 442, 441, 430, 405, 414, 449, 424, 425, 427, 380, 385, 406, 399, 396, 397, 404, 414, 386, 373, 372, 365, 345, 360, 365, 337, 373, 336, 354, 347, 335, 385, 369, 366, 356, 365, 354, 320, 357, 347, 296, 296, 303, 343, 336, 304, 288, 340, 302, 296, 281, 272, 306, 290, 336, 289, 264, 287, 313, 325, 276, 301, 277, 290, 321, 304, 284, 318, 271, 310, 277, 300, 271, 281, 310, 306, 278, 297, 311, 287, 307, 308, 288, 294, 271, 265, 298, 304, 294, 283, 286, 282, 286, 293, 297, 313, 277, 241, 264, 296, 265, 310, 300, 301, 285, 295, 289, 288, 295, 268, 305, 273, 268, 276, 286, 267, 280, 278, 260, 290, 263, 301, 247, 286, 263, 255, 297, 262, 266, 262, 229, 239, 268, 259, 242, 248, 258, 260, 267, 283, 249, 231, 258, 241, 261, 233]

lost_r_issue [109, 80, 49, 64, 58, 46, 60, 45, 61, 61, 39, 50, 51, 53, 57, 40, 38, 52, 47, 45, 64, 53, 50, 47, 37, 61, 72, 51, 50, 47, 38, 47, 44, 46, 55, 38, 71, 49, 46, 53, 53, 42, 49, 52, 60, 39, 74, 46, 64, 67, 47, 68, 49, 41, 70, 44, 62, 51, 73, 71, 36, 53, 76, 60, 65, 53, 63, 74, 70, 84, 84, 83, 71, 53, 67, 95, 49, 79, 73, 105, 91, 91, 61, 84, 48, 76, 94, 44, 88, 98, 103, 123, 94, 110, 55, 70, 65, 74, 88, 127, 67, 83, 93, 61, 56, 143, 76, 134, 91, 76, 93, 104, 68, 77, 95, 154, 70, 112, 108, 121, 118, 107, 123, 103, 84, 85, 42, 73, 83, 86, 168, 96, 109, 155, 168, 67, 62, 115, 54, 114, 66, 72, 122, 82, 98, 66, 86, 50, 68, 111, 90, 142, 171, 129, 85, 146, 90, 75, 80, 77, 46, 140, 82, 91, 92, 92, 101, 111, 86, 91, 87, 117, 119, 49, 203, 122, 93, 92, 94, 129, 74, 193, 73, 103, 137, 62, 84, 76, 45, 48, 70, 109, 116, 89, 37, 183, 82, 92, 54, 55]

list_lost_resc [4, 37, 47, 28, 55, 28, 30, 21, 29, 34, 26, 36, 50, 57, 44, 41, 36, 57, 34, 44, 35, 76, 57, 62, 40, 56, 28, 50, 78, 58, 48, 34, 37, 49, 50, 82, 61, 69, 73, 73, 73, 102, 67, 49, 71, 85, 48, 70, 85, 48, 105, 115, 69, 104, 73, 84, 95, 81, 102, 78, 99, 106, 86, 104, 118, 136, 133, 127, 150, 96, 116, 97, 178, 99, 137, 102, 186, 135, 110, 136, 108, 125, 146, 163, 242, 176, 125, 146, 142, 139, 133, 194, 151, 150, 218, 203, 175, 193, 180, 187, 216, 200, 190, 229, 206, 134, 199, 180, 155, 202, 208, 181, 197, 193, 209, 185, 231, 214, 199, 193, 204, 183, 209, 192, 288, 212, 291, 227, 206, 195, 165, 192, 163, 124, 119, 227, 215, 183, 257, 221, 196, 208, 166, 268, 197, 242, 185, 289, 207, 213, 222, 159, 172, 155, 233, 159, 196, 194, 192, 190, 229, 179, 221, 254, 201, 210, 211, 185, 226, 212, 243, 182, 205, 229, 100, 182, 285, 230, 212, 173, 250, 104, 251, 223, 249, 302, 237, 249, 268, 303, 233, 219, 210, 228, 256, 210, 241, 220, 260, 286]

list_acceptance_ratio [81.2603648424544, 82.27272727272728, 84.56591639871382, 84.02777777777779, 81.71521035598705, 87.2852233676976, 84.87394957983193, 88.50174216027874, 84.7972972972973, 84.06040268456377, 88.63636363636364, 84.58781362007169, 83.96825396825398, 82.2866344605475, 83.86581469648561, 86.15384615384616, 87.39352640545145, 82.4476650563607, 85.88850174216029, 84.60207612456747, 83.5820895522388, 79.45859872611464, 82.62987012987013, 81.77257525083613, 86.67820069204151, 80.78817733990148, 82.84734133790738, 83.38815789473685, 79.90580847723704, 82.5, 84.7246891651865, 86.08247422680412, 85.431654676259, 84.27152317880795, 82.8150572831424, 79.76391231028668, 77.74030354131534, 81.76197836166924, 79.93254637436762, 79.64458804523424, 79.93630573248409, 75.67567567567568, 80.95238095238095, 81.46788990825688, 78.13021702838063, 79.53795379537954, 79.734219269103, 80.33898305084746, 75.49342105263158, 79.75352112676056, 74.87603305785125, 71.58385093167702, 79.04085257548846, 76.8, 75.76271186440678, 78.34179357021996, 74.63651050080774, 77.00348432055749, 70.78464106844741, 74.39862542955326, 77.5, 73.76237623762376, 73.39901477832512, 73.11475409836066, 68.2842287694974, 67.85714285714286, 68.23338735818476, 67.15686274509804, 65.24486571879937, 69.54314720812182, 67.63754045307444, 70.54009819967266, 62.04268292682927, 71.64179104477611, 65.18771331058021, 66.0344827586207, 60.63651591289783, 63.418803418803414, 67.32142857142858, 59.427609427609426, 65.92465753424658, 62.038664323374334, 64.18685121107266, 59.375, 54.75819032761311, 61.58536585365854, 63.80165289256199, 66.19217081850533, 61.79401993355482, 61.7124394184168, 60.535117056856194, 51.380368098159515, 59.70394736842105, 57.92880258899677, 53.01204819277109, 52.93103448275862, 56.83453237410072, 57.61904761904761, 56.280587275693314, 50.39494470774092, 52.03389830508475, 55.36277602523659, 52.75459098497496, 51.50501672240802, 52.53623188405797, 50.535714285714285, 53.15161839863713, 49.19093851132686, 58.931552587646074, 51.98618307426598, 47.4694589877836, 51.61290322580645, 55.46218487394958, 55.88235294117647, 49.0787269681742, 47.68518518518518, 49.1554054054054, 48.49921011058452, 52.106084243369736, 50.07949125596184, 47.55700325732899, 52.922077922077925, 46.27831715210356, 52.265372168284784, 43.72163388804841, 51.07084019769358, 46.203554119547654, 49.664429530201346, 52.4671052631579, 53.244592346089846, 46.72, 52.0, 54.131534569983145, 51.64644714038128, 53.25732899022802, 51.9607843137255, 52.15889464594128, 50.498338870431894, 47.81879194630873, 44.991789819376024, 54.115586690017516, 53.41098169717138, 51.59663865546219, 45.904173106646056, 50.58626465661642, 48.580968280467445, 52.120141342756185, 47.113884555382214, 52.667814113597245, 50.077041602465336, 48.258706467661696, 45.56962025316456, 44.9438202247191, 51.864406779661024, 46.28378378378378, 51.2, 52.33333333333333, 53.78006872852234, 52.28070175438596, 53.484320557491294, 52.17391304347826, 48.29821717990275, 50.32786885245901, 44.62279293739968, 51.80921052631579, 48.376068376068375, 46.84838160136286, 49.22813036020583, 49.185667752442995, 47.39583333333333, 46.601941747572816, 49.407783417935704, 45.45454545454545, 52.06896551724138, 47.487001733102254, 51.28205128205128, 40.56603773584906, 48.231511254019296, 46.96707105719237, 47.01754385964912, 49.21630094043887, 48.96907216494845, 45.45454545454545, 45.936981757877284, 38.04173354735153, 40.52287581699346, 46.231155778894475, 45.378151260504204, 44.60176991150443, 42.07920792079208, 46.654929577464785, 44.5945945945946, 45.57595993322204, 48.37133550488599, 47.01627486437613, 38.20754716981132, 45.16129032258064, 44.58259325044405, 46.04810996563574, 42.10526315789473]

list_epi_profit [0.9528996894820125, 0.9537258157767895, 0.9534982451464329, 0.9532679817612002, 0.9542959398240772, 0.9534321556876341, 0.95555650088399, 0.9537162716250583, 0.9529952484810928, 0.9542761251617546, 0.9552775535194217, 0.9523841872468523, 0.9539254724838544, 0.952480165561077, 0.9544848581473515, 0.9547872155903986, 0.9535673574699997, 0.9542534097409858, 0.9559898506322376, 0.9550513363993599, 0.9548954489316712, 0.9529104753059343, 0.9528649696706897, 0.9563238655022166, 0.9554883275530466, 0.9551319277002326, 0.9543263408863614, 0.9543332302282128, 0.9539741239164778, 0.9541842154925255, 0.9529582116666656, 0.9542155710897134, 0.9524045106837519, 0.9542118981803936, 0.9531038931714082, 0.9554933725145218, 0.9528863178052087, 0.9535520029287565, 0.9554719343738661, 0.954909089073845, 0.9542884257791695, 0.9566648760559164, 0.9555062331273919, 0.9547734589412685, 0.9535134463351974, 0.956114529372298, 0.9554335239752909, 0.9552811492876248, 0.9554127016334071, 0.9557862203409843, 0.9545444639869501, 0.95415065998795, 0.9546302418101021, 0.9536567673305925, 0.9546570094205047, 0.9548929584434749, 0.9533922011621337, 0.9564014188412435, 0.9545113810740102, 0.9540047223499061, 0.9542845995346697, 0.9552431655919, 0.9548448006736099, 0.9555916361788801, 0.9542553977966746, 0.9549040168174611, 0.9564621257672743, 0.9554415175370357, 0.9527803726951019, 0.9539944085694314, 0.956179865684511, 0.9562092413168499, 0.9556287296285887, 0.9565497435335252, 0.9565240328206315, 0.9566936205525539, 0.9586050173182306, 0.9578740230669606, 0.9570344123975545, 0.9578751426742503, 0.9595094240116733, 0.9574884353837825, 0.9585025849227156, 0.9583569344351105, 0.9595529668418774, 0.9557864851704304, 0.9547220105295574, 0.9578353274962507, 0.9554081033849638, 0.9559417617779152, 0.9578831578383141, 0.9598967657482561, 0.9549396252722521, 0.9578471330902609, 0.9582361637348028, 0.961508551180736, 0.9603788547785903, 0.9580766550939681, 0.9578645809132973, 0.9560608489379048, 0.9627744143728406, 0.9580843746101904, 0.9564283317257511, 0.961758124820778, 0.9593024640737094, 0.9550561387762145, 0.9617995558676941, 0.957558376227881, 0.9558246196072956, 0.9630606241890403, 0.9572936745327262, 0.9580736626861217, 0.9616935299701768, 0.959555775945636, 0.9618611566705639, 0.9577672654835999, 0.962392741094167, 0.9560080984833934, 0.9567818918630381, 0.9596771057285494, 0.9572115643108725, 0.9582397227801175, 0.9601972304499681, 0.9599375280535924, 0.9608172648065071, 0.9629268915822751, 0.9625702876148073, 0.9612040653729053, 0.9634606690744487, 0.9601297617899635, 0.9612399362617341, 0.9604628664999791, 0.9571280589902426, 0.9593609048628015, 0.9583331979118784, 0.9603146485768922, 0.9595072850927877, 0.9585433405367171, 0.9629549576787233, 0.96109684703359, 0.9642332610544382, 0.9582297256600364, 0.9622956396073269, 0.9618977185694324, 0.9602622316736363, 0.9627068429593955, 0.9593140362287687, 0.9603383824236573, 0.9593419051874674, 0.9598968098519778, 0.9587196988349482, 0.9585210605936728, 0.9557148147891634, 0.9555460736215551, 0.9622867850687064, 0.9570264047823711, 0.9607177531573992, 0.9637188810402444, 0.9582251766676037, 0.9608521688531207, 0.9611730494693927, 0.9539161723344692, 0.9598290657642848, 0.9642081830733401, 0.9623730959924104, 0.9618233153062875, 0.9622434245798634, 0.9606039157546724, 0.9613904755194301, 0.9606294811974604, 0.9628091453722042, 0.959814741617686, 0.961530901811838, 0.9658400130316726, 0.9575929972642468, 0.9601995363632249, 0.9640104562317295, 0.9601804653713191, 0.9633093816649779, 0.9626150302312058, 0.9653332921385515, 0.9567931630844854, 0.9592936799909121, 0.9651316900425755, 0.9647780689002196, 0.963196274096535, 0.968542025214254, 0.9637080942270367, 0.9685033221679598, 0.9685271328553593, 0.9625475421698492, 0.9640586930311201, 0.9612347938133319, 0.9602566889319638, 0.9593882689684307, 0.9598790130599375, 0.9631213989334992, 0.9622311999860866, 0.970578982779305, 0.964489572173498]

list_epi_r2c_profit [0.9670545777874494, 0.9656693015542346, 0.9652767646075043, 0.9643337584382928, 0.9655000752889347, 0.9651069760855349, 0.9679990484233417, 0.9650431775900629, 0.962547786823705, 0.9649256964728553, 0.9664619225897014, 0.9614448409422837, 0.9647054637503623, 0.9614643942658727, 0.9652493585004701, 0.9663322549923798, 0.9645009669603161, 0.9652554675609535, 0.9690562654459377, 0.9666478327530589, 0.9660274258699586, 0.9636480415068867, 0.9629264520509467, 0.9685691178508175, 0.9672473825486486, 0.9663834969559881, 0.9655800908553981, 0.9649585435498176, 0.9642644181441529, 0.9648599792093011, 0.9616887703591996, 0.9642483085735399, 0.962684090190126, 0.9642386173076529, 0.9635474866462019, 0.9655852779308933, 0.9632989780258756, 0.9639658449047689, 0.967184927270077, 0.9653224209725869, 0.9643919801391042, 0.968084968055228, 0.9669831632899517, 0.9663645933762177, 0.964140110071542, 0.9673158556842637, 0.9681537676235463, 0.967050698877076, 0.9670614112758364, 0.9681987688839852, 0.9659663596428519, 0.9655369491031222, 0.9650115614809973, 0.9636645914171276, 0.9670387357933199, 0.96583474953784, 0.9646528719547952, 0.9683176470236078, 0.9664579867541611, 0.9645376183962149, 0.9644731531668982, 0.9665696118499636, 0.9660138955659829, 0.9669317520191197, 0.9655106333328057, 0.9668258913098373, 0.9684414561448417, 0.9685833899243975, 0.9642762178029763, 0.965945577457665, 0.9686848887759781, 0.9685819162291825, 0.9664957017585423, 0.9689493418396382, 0.9700410832996988, 0.9704421475223215, 0.9694245357450783, 0.9724950829629192, 0.9704001010044819, 0.9719981396410251, 0.9757662077103847, 0.971157232823158, 0.9715016275259826, 0.9737763251599484, 0.9714722991882083, 0.9676263139245632, 0.9677578446553942, 0.9712516352996167, 0.9685722888270578, 0.9694604122542594, 0.9712097771274989, 0.9757424072824059, 0.9671149433760647, 0.9706642308975438, 0.9725986742282786, 0.9801405926279116, 0.9744992565634009, 0.9716095254912919, 0.9717579721737128, 0.9699805692669008, 0.9780856043834016, 0.9715939845641447, 0.9701076996465618, 0.9751862552391707, 0.9735474717686712, 0.9722056437982382, 0.9781065813947535, 0.9744453814220184, 0.9693520783729155, 0.9776702424039497, 0.9729921224985776, 0.9713479370424549, 0.9760441941517297, 0.9737567675900817, 0.9779643227062556, 0.9760641038912944, 0.9790918487927245, 0.9703953289187408, 0.9667600338513379, 0.9744108596964663, 0.9740094113813212, 0.9745864338042747, 0.9769094531567349, 0.9769521290969341, 0.9750157657463595, 0.9776200446806405, 0.9752899691207016, 0.9748199238848829, 0.980930259498013, 0.9734897452902089, 0.9773753846644072, 0.9749258906182979, 0.9732545045619446, 0.9754892339543043, 0.9748778364857071, 0.973318373047818, 0.974061530672896, 0.9748546189836467, 0.9768392197232613, 0.9782192126072494, 0.981130782669948, 0.9706375407724254, 0.9773457840322851, 0.9745052090990117, 0.9760623506542833, 0.9768518064474382, 0.9752128222433292, 0.9724137244478694, 0.9728633042920368, 0.977507392000339, 0.9737679925638166, 0.9717121259546299, 0.9698718891687187, 0.9696419560133964, 0.9767789716375903, 0.9746624905235839, 0.9747295703777922, 0.9785977472603133, 0.9709513000380557, 0.9763367897858318, 0.975032394403875, 0.9693907968900424, 0.9722339045383817, 0.9818691128509132, 0.9764604742728975, 0.9774542281433694, 0.9800443349570099, 0.9756298923370071, 0.9766196411990985, 0.9735896043350806, 0.979449320972981, 0.9752204550117048, 0.977153396502244, 0.9798351611642852, 0.9764613315170133, 0.9764779095478607, 0.9794395037378988, 0.9751001926621066, 0.9798446524936945, 0.980592720923242, 0.9826241189918692, 0.9723092166272247, 0.9749113090897368, 0.9836389488028626, 0.9812186138989912, 0.9801792468903328, 0.9853523618207667, 0.9774014081413381, 0.9850567824215913, 0.9849136517439506, 0.9764251366591806, 0.9806039037222203, 0.9777050600123217, 0.9718811872117705, 0.9735937242195212, 0.9779399037765651, 0.9781211392608906, 0.9782510485789273, 0.9860773332320155, 0.9780267658293971]

list_epi_reability_profit [0.9316673570238565, 0.9358105871106246, 0.9358304659548281, 0.9366693167455651, 0.937489736626795, 0.9359199250907858, 0.9368926795749647, 0.9367259126775553, 0.9386664409671805, 0.938301768195108, 0.9385009999140049, 0.9387932067037097, 0.9377554855840975, 0.9390038225038894, 0.9383381076176776, 0.9374696564874314, 0.9371669432345308, 0.9377503230110419, 0.9363902284116898, 0.937656591868814, 0.9381974835242428, 0.9368041260045104, 0.9377727461003099, 0.9379559869793199, 0.9378497450596468, 0.9382545738166035, 0.9374457159328108, 0.9383952602458094, 0.938538682574968, 0.9381705699173669, 0.9398623736278658, 0.9391664648639745, 0.9369851414241955, 0.9391718194895086, 0.9374385029592194, 0.9403555143899691, 0.9372673274742116, 0.9379312399647436, 0.9379024450295528, 0.9392890912257349, 0.9391330942392695, 0.9395347380569524, 0.9382908378835544, 0.9373867572888475, 0.9375734507306837, 0.9393125399043518, 0.9363531585029103, 0.9376268249034522, 0.9379396371697658, 0.9371673975264875, 0.9374116205031033, 0.937071226315196, 0.9390582623037612, 0.9386450312007919, 0.9360844198612844, 0.93848027180193, 0.9365011949731457, 0.9385270765677017, 0.9365914725537882, 0.9382053782804453, 0.9390017690863294, 0.9382534962048089, 0.9380911583350564, 0.9385814624185244, 0.9373725444924811, 0.9370212050789005, 0.9384931302009281, 0.9357287089559942, 0.9355366050332906, 0.9360676552370842, 0.9374223310473155, 0.937650228948352, 0.9393282714336626, 0.9379503460743578, 0.9362484571020346, 0.936070830097908, 0.9423757396779593, 0.9359424332230261, 0.9369858794871663, 0.9366906472240885, 0.9351242484636074, 0.9369852392247221, 0.9390040210178194, 0.9352278483478562, 0.94167396832238, 0.9380267420392314, 0.9351682593408027, 0.9377108657912044, 0.9356618252218254, 0.9356637860634023, 0.937893228904538, 0.936128303447035, 0.9366766481165353, 0.938621486379339, 0.9366923979945898, 0.9335604890099733, 0.9391982521013752, 0.9377773494979824, 0.9370244940226733, 0.9351812684444114, 0.9398076293570018, 0.9378199596792611, 0.9359092798445324, 0.9416159291931919, 0.9379349525312686, 0.9293318812431806, 0.9373390175771049, 0.9322278684366774, 0.9355334314588655, 0.9411461968666782, 0.9337460025839476, 0.9381622511516214, 0.9401675336978483, 0.938254288478968, 0.9377064076170272, 0.9303220078720592, 0.9373440795463298, 0.9344272528303728, 0.9418146788805868, 0.9375764747766749, 0.9320147937052, 0.933719656243883, 0.9351288963898211, 0.9344156264885793, 0.939519513396729, 0.9408871619347282, 0.9434907653559667, 0.9407802776049384, 0.9372562834391045, 0.9400897865395951, 0.937036763657725, 0.9387683303225021, 0.9329383906326931, 0.9351684112255476, 0.9335162400511356, 0.9408090618705064, 0.9376759167226272, 0.9340764228663242, 0.9421285646119179, 0.9354132986731017, 0.9388869786311764, 0.9396180029914513, 0.9397204229698906, 0.942986482775064, 0.9365620532026637, 0.9414893977273316, 0.9354658572069288, 0.942225369387341, 0.939059806530616, 0.9334809366294377, 0.9361472582416456, 0.9387344625522392, 0.9344792032198282, 0.9344022500337948, 0.9405485052153809, 0.9305722761705528, 0.9397000273268106, 0.9414005817101412, 0.9391359916119266, 0.9376252374540569, 0.9403840320676706, 0.9307042355011089, 0.9412218076031431, 0.9377167884069818, 0.9412420285716808, 0.9383769460506697, 0.9355420590141431, 0.9380649508811719, 0.9385467269999269, 0.9411892964910297, 0.9378488819710373, 0.9367061715266584, 0.9380971597762312, 0.9448472908327537, 0.9292904958850995, 0.9357819765862733, 0.9408668849724754, 0.9378008744351392, 0.938506475421903, 0.9356484941931538, 0.9393970518585762, 0.9335190827703751, 0.935867236342677, 0.9373708019021437, 0.9401172514020606, 0.93772181490584, 0.9433265203044869, 0.9431681233555835, 0.9436731317875141, 0.9439473545224754, 0.941731150435854, 0.9392408769944706, 0.9365293945148491, 0.9428199415122536, 0.9380800860917979, 0.932787676984998, 0.9406217884424136, 0.938201427096825, 0.947331457100239, 0.9441837816896501]


### second test: ( endtime: 10, episodes 100, percentage 80% 20%)

attended req [612, 604, 607, 595, 609, 573, 608, 600, 602, 560, 577, 597, 607, 580, 605, 624, 609, 593, 589, 592, 574, 604, 569, 597, 607, 679, 605, 635, 625, 589, 610, 591, 615, 600, 560, 581, 627, 599, 591, 581, 599, 663, 638, 605, 591, 596, 629, 630, 571, 552, 599, 647, 640, 627, 588, 556, 605, 595, 609, 618, 593, 609, 581, 614, 591, 593, 611, 604, 612, 601, 596, 590, 572, 593, 617, 634, 629, 596, 623, 592, 597, 580, 586, 583, 584, 607, 619, 624, 633, 582, 648, 563, 639, 617, 570, 608, 603, 621, 586, 603]

accepted req [483, 493, 512, 497, 508, 482, 518, 498, 499, 470, 490, 500, 489, 470, 497, 497, 504, 488, 481, 491, 490, 502, 474, 483, 490, 544, 492, 521, 506, 491, 483, 479, 496, 488, 465, 473, 534, 497, 457, 475, 479, 516, 489, 467, 467, 483, 497, 497, 441, 437, 494, 489, 500, 469, 441, 456, 488, 441, 458, 487, 457, 456, 441, 463, 437, 439, 460, 442, 417, 420, 452, 445, 457, 444, 451, 421, 470, 438, 434, 377, 428, 381, 386, 442, 375, 409, 402, 396, 432, 376, 425, 389, 373, 402, 384, 365, 358, 356, 391, 391]

terminated_req [459, 480, 493, 482, 484, 457, 499, 475, 479, 463, 463, 484, 465, 448, 475, 477, 486, 471, 468, 474, 472, 483, 457, 460, 465, 521, 472, 494, 488, 468, 465, 461, 471, 465, 441, 461, 509, 480, 439, 457, 461, 495, 479, 443, 447, 463, 482, 481, 422, 421, 476, 474, 480, 448, 424, 441, 463, 421, 443, 469, 441, 435, 423, 449, 421, 419, 445, 423, 400, 406, 435, 427, 441, 431, 435, 408, 449, 416, 418, 363, 411, 369, 367, 421, 361, 396, 383, 382, 408, 362, 407, 371, 363, 389, 363, 352, 338, 341, 377, 375]

lost_r_issue [118, 73, 58, 67, 77, 63, 56, 68, 61, 61, 58, 59, 60, 74, 63, 60, 46, 57, 57, 57, 65, 64, 48, 56, 64, 57, 72, 56, 69, 57, 68, 47, 63, 52, 46, 54, 56, 70, 72, 54, 45, 53, 71, 75, 54, 60, 63, 53, 50, 66, 56, 67, 50, 68, 41, 59, 69, 50, 64, 54, 62, 54, 64, 57, 42, 60, 36, 47, 74, 65, 79, 61, 53, 61, 77, 61, 69, 65, 78, 94, 79, 62, 54, 69, 77, 65, 69, 83, 74, 69, 74, 67, 97, 54, 75, 117, 110, 124, 38, 67]

list_lost_resc [11, 38, 37, 31, 24, 28, 34, 34, 42, 29, 29, 38, 58, 36, 45, 67, 59, 48, 51, 44, 19, 38, 47, 58, 53, 78, 41, 58, 50, 41, 59, 65, 56, 60, 49, 54, 37, 32, 62, 52, 75, 94, 78, 63, 70, 53, 69, 80, 80, 49, 49, 91, 90, 90, 106, 41, 48, 104, 87, 77, 74, 99, 76, 94, 112, 94, 115, 115, 121, 116, 65, 84, 62, 88, 89, 152, 90, 93, 111, 121, 90, 137, 146, 72, 132, 133, 148, 145, 127, 137, 149, 107, 169, 161, 111, 126, 135, 141, 157, 145]

list_acceptance_ratio [78.92156862745098, 81.62251655629139, 84.34925864909391, 83.52941176470588, 83.41543513957306, 84.11867364746945, 85.19736842105263, 83.0, 82.890365448505, 83.92857142857143, 84.92201039861352, 83.75209380234506, 80.56013179571664, 81.03448275862068, 82.14876033057851, 79.6474358974359, 82.75862068965517, 82.29342327150084, 81.66383701188455, 82.9391891891892, 85.36585365853658, 83.11258278145695, 83.30404217926186, 80.90452261306532, 80.72487644151565, 80.11782032400589, 81.32231404958678, 82.04724409448819, 80.96, 83.3616298811545, 79.18032786885246, 81.04906937394247, 80.65040650406505, 81.33333333333333, 83.03571428571429, 81.41135972461274, 85.16746411483254, 82.97161936560936, 77.32656514382403, 81.75559380378658, 79.96661101836395, 77.82805429864254, 76.64576802507837, 77.1900826446281, 79.01861252115059, 81.04026845637584, 79.01430842607313, 78.88888888888889, 77.23292469352015, 79.16666666666666, 82.47078464106845, 75.57959814528593, 78.125, 74.8006379585327, 75.0, 82.01438848920863, 80.66115702479338, 74.11764705882354, 75.20525451559934, 78.80258899676376, 77.06576728499157, 74.8768472906404, 75.90361445783132, 75.4071661237785, 73.9424703891709, 74.03035413153457, 75.28641571194763, 73.17880794701986, 68.13725490196079, 69.88352745424294, 75.83892617449665, 75.42372881355932, 79.8951048951049, 74.87352445193929, 73.09562398703403, 66.40378548895899, 74.72178060413354, 73.48993288590604, 69.66292134831461, 63.682432432432435, 71.69179229480737, 65.6896551724138, 65.8703071672355, 75.8147512864494, 64.21232876712328, 67.38056013179572, 64.94345718901454, 63.46153846153846, 68.24644549763033, 64.60481099656357, 65.58641975308642, 69.09413854351686, 58.37245696400626, 65.15397082658023, 67.36842105263158, 60.0328947368421, 59.369817578772796, 57.326892109500804, 66.72354948805462, 64.8424543946932]

list_epi_profit [0.9605036670418207, 0.9605906817375515, 0.958927078909208, 0.9571322990005435, 0.9606396510507222, 0.9607446987509095, 0.9598844275636317, 0.9584714881904591, 0.9598460669299741, 0.9592163787177128, 0.9590779136317551, 0.9599502168704804, 0.9617068950246319, 0.9601786085681429, 0.960440088155803, 0.964458475310176, 0.962386404507733, 0.9597896131585102, 0.9610224546658324, 0.9612963935208131, 0.9616240173581247, 0.960806163492024, 0.9595584096789113, 0.9585075808606112, 0.9594131053155049, 0.9594110611942287, 0.9616968251105313, 0.9580412589409744, 0.9591341462483144, 0.9603666404493745, 0.9613707062577036, 0.9635077587817896, 0.9596119791334992, 0.9609277238180974, 0.9599106429075305, 0.9595830735370533, 0.9594299279182509, 0.9588502132135315, 0.9613740432262836, 0.9609451506541431, 0.9616905541441876, 0.9608091837003025, 0.9605151890136333, 0.9602612604853188, 0.9624605317684828, 0.9583895229081023, 0.9617299366110368, 0.9608596199485031, 0.9638630746304435, 0.9610859184406398, 0.9627228964087199, 0.960163443950591, 0.9616773012039576, 0.9599204687309754, 0.9615347814607689, 0.9624409721923645, 0.9585563934911006, 0.9625467215287606, 0.9604311790190063, 0.9620901678233346, 0.9608438132017754, 0.9610995382439076, 0.9601867043468729, 0.9601360805491518, 0.9600062937329644, 0.9585337359978935, 0.9618168546716171, 0.9637325393550413, 0.9630310633135373, 0.9658449982230256, 0.9648616861596151, 0.9606363610351729, 0.9618647060297363, 0.9614181466673215, 0.9606610539398165, 0.9606879632591886, 0.959698939514641, 0.9610824361640461, 0.9617532231587169, 0.9618789486828404, 0.9629185303711394, 0.9609322209093333, 0.9658925068722656, 0.9609556949172, 0.9640303539589252, 0.9628369866355934, 0.9638057053806959, 0.9625001996083697, 0.9634269282140173, 0.9635045258639424, 0.961668130865038, 0.9645788402553589, 0.9634902246612908, 0.961448953486287, 0.960707750209355, 0.9618914594032262, 0.9641514570253978, 0.9601738726930241, 0.9617919927561348, 0.9654702160015938]

list_epi_r2c_profit [0.9675836180620755, 0.9668367231430252, 0.9647185207354589, 0.9626615381699936, 0.9668434729394024, 0.9667976445118646, 0.9658250612206265, 0.9638206287157178, 0.9658469155000444, 0.9651437471074582, 0.964419719478254, 0.9654497790603865, 0.9678337238622758, 0.9658859806288561, 0.9663213706569581, 0.9708480841498186, 0.9685197137369228, 0.9652033805672962, 0.9671525328625741, 0.9672475188995627, 0.9678573880659682, 0.9665187884003403, 0.9647867674440785, 0.9634874572293672, 0.964840852145961, 0.9651466716784831, 0.9676886113069842, 0.9631275888261857, 0.9646994616556449, 0.9658743711490295, 0.9670690443711794, 0.9698068084512881, 0.9653051672099022, 0.9666872257402744, 0.9655419222612284, 0.965004511136476, 0.9651803368980942, 0.9646233029834859, 0.9676709425030618, 0.9668587163470583, 0.9677684369697657, 0.9667918343823264, 0.9660981333545293, 0.9665435946767592, 0.9685668032032398, 0.9638478684268694, 0.9679928661055555, 0.9667285299035332, 0.9703695051000835, 0.9675053017442973, 0.9688055987147766, 0.9655295831812873, 0.9674322197514595, 0.9653375611331835, 0.9664518641229539, 0.9687016991064542, 0.9639825701163848, 0.9682049410884254, 0.965666262393715, 0.968298146874483, 0.9669742604087678, 0.9666581920523805, 0.9659162172396155, 0.9658111465531264, 0.9653662369328914, 0.9640199462330352, 0.9673655178482311, 0.969553336914321, 0.9694728702224332, 0.9728930772409548, 0.9716196477715027, 0.9664644806839746, 0.9675983487318716, 0.9670265496556761, 0.9667359732601907, 0.9659748922888626, 0.9655585210208683, 0.9667335214628902, 0.9678640046078636, 0.9682473180563489, 0.9695004774239206, 0.966734433605044, 0.9725241849857243, 0.967230452994965, 0.970209737002019, 0.9688263725266673, 0.969746974128821, 0.9684423166225494, 0.9703347185148097, 0.9695988438235269, 0.967749656483331, 0.9710398194892573, 0.9704538891613004, 0.9672023516132331, 0.9670223576546206, 0.9683514501247041, 0.9705809458752597, 0.967129782066701, 0.9670135473109281, 0.9726022182882471]

list_epi_reability_profit [0.9321838629608137, 0.9356065161156643, 0.9357613116042159, 0.9350153423227536, 0.9358243634960163, 0.936532915707098, 0.9361218929356644, 0.9370749260894297, 0.9358426726496968, 0.9355069051587374, 0.9377106902457721, 0.9379519681108666, 0.937199579674064, 0.9373491203253049, 0.9369149581511969, 0.938900039951609, 0.9378531675909885, 0.9381345435233772, 0.936502141878875, 0.9374918920058217, 0.9366905345267597, 0.9379556638587611, 0.9386449786182465, 0.9385880753855944, 0.9377021179936906, 0.9364686192572196, 0.9377296803247291, 0.9376959394001352, 0.9368728846190052, 0.938335717650765, 0.9385773538038129, 0.9383115601038051, 0.9368392268278936, 0.937889716129396, 0.937385525492746, 0.9378973231393646, 0.9364282919988857, 0.9357578541337217, 0.9361864461191783, 0.937290887882493, 0.9373790228418785, 0.9368785809722182, 0.9381834116500585, 0.9351319237195687, 0.9380354460294671, 0.9365561408330425, 0.9366782186329715, 0.9373839801283916, 0.9378373527518924, 0.9354083852260199, 0.9383920871845077, 0.9386988870278163, 0.9386576270139577, 0.9382520991221586, 0.9418664508120366, 0.9373980645360174, 0.93685168698997, 0.9399138432901081, 0.9394908455201837, 0.9372582516187454, 0.9363220243738122, 0.9388649230100239, 0.9372686527759145, 0.9374358165332575, 0.9385665209332583, 0.9365888950573354, 0.9396222019651674, 0.9404493491179315, 0.9372638356779613, 0.9376526821513202, 0.9378298397120713, 0.9373238824399686, 0.9389301352211961, 0.9389845347139103, 0.9363613766583256, 0.9395402471404993, 0.9362606134897415, 0.9384780949686808, 0.9373100973621423, 0.9364054711888083, 0.9365907421600252, 0.9377233701265004, 0.9393657944184411, 0.9358566626061524, 0.9393128217865517, 0.938879443071305, 0.9400406303882051, 0.9387317315516625, 0.935795767010855, 0.9391272540256027, 0.9373420283918722, 0.9387349233197702, 0.9356355666612572, 0.9384353609784988, 0.9354493204282989, 0.9360514965173181, 0.9384335016259581, 0.9323502351983173, 0.9409057745369651, 0.9369422068549864]




## third test: ( endtime: 6, episodes 100, percentage 90% 10%)

attended req [365, 345, 360, 338, 358, 358, 350, 358, 351, 380, 360, 360, 362, 350, 374, 354, 367, 329, 386, 329, 357, 361, 335, 345, 355, 348, 365, 355, 384, 344, 347, 382, 350, 357, 391, 371, 384, 358, 386, 365, 342, 390, 343, 361, 356, 365, 359, 323, 343, 336, 355, 375, 377, 420, 341, 319, 369, 378, 331, 377, 376, 365, 308, 369, 357, 359, 333, 333, 367, 342, 374, 376, 377, 351, 357, 326, 351, 351, 384, 378, 364, 353, 323, 368, 343, 335, 364, 371, 353, 370, 369, 356, 352, 364, 365, 360, 345, 356, 362, 305]

accepted req [280, 275, 302, 284, 310, 285, 301, 304, 305, 304, 311, 312, 295, 284, 298, 294, 295, 279, 312, 280, 290, 307, 279, 289, 299, 298, 292, 311, 304, 292, 304, 310, 294, 292, 312, 305, 315, 302, 323, 307, 304, 320, 277, 304, 300, 294, 287, 283, 293, 278, 305, 299, 305, 334, 278, 273, 306, 302, 295, 299, 309, 299, 269, 293, 299, 289, 289, 270, 284, 297, 290, 312, 296, 274, 281, 261, 275, 283, 294, 308, 274, 275, 256, 285, 270, 275, 274, 279, 287, 282, 278, 278, 257, 272, 262, 274, 263, 264, 271, 245]

terminated_req [267, 255, 284, 262, 294, 264, 276, 283, 287, 279, 288, 295, 272, 263, 277, 276, 272, 259, 291, 252, 266, 285, 259, 265, 281, 285, 277, 290, 280, 273, 279, 293, 275, 277, 288, 287, 292, 282, 298, 285, 289, 300, 249, 288, 284, 273, 271, 266, 273, 254, 278, 278, 285, 309, 263, 243, 278, 276, 272, 282, 292, 277, 245, 270, 275, 271, 268, 259, 270, 281, 269, 286, 277, 248, 266, 244, 257, 262, 273, 290, 259, 259, 244, 265, 252, 255, 260, 262, 269, 262, 263, 265, 241, 253, 246, 251, 248, 241, 255, 228]

lost_r_issue [81, 67, 41, 32, 28, 51, 33, 38, 34, 49, 34, 27, 32, 38, 46, 42, 50, 34, 38, 44, 41, 31, 34, 34, 39, 28, 30, 25, 35, 24, 25, 36, 25, 34, 39, 40, 31, 23, 34, 30, 25, 35, 32, 33, 38, 35, 36, 19, 35, 17, 27, 28, 34, 40, 29, 28, 32, 39, 22, 36, 28, 30, 26, 28, 23, 27, 19, 38, 32, 20, 30, 32, 47, 37, 36, 36, 32, 30, 38, 30, 37, 34, 28, 34, 28, 26, 30, 35, 35, 30, 44, 20, 37, 35, 44, 47, 40, 45, 49, 13]

list_lost_resc [4, 3, 17, 22, 20, 22, 16, 16, 12, 27, 15, 21, 35, 28, 30, 18, 22, 16, 36, 5, 26, 23, 22, 22, 17, 22, 43, 19, 45, 28, 18, 36, 31, 31, 40, 26, 38, 33, 29, 28, 13, 35, 34, 24, 18, 36, 36, 21, 15, 41, 23, 48, 38, 46, 34, 18, 31, 37, 14, 42, 39, 36, 13, 48, 35, 43, 25, 25, 51, 25, 54, 32, 34, 40, 40, 29, 44, 38, 52, 40, 53, 44, 39, 49, 45, 34, 60, 57, 31, 58, 47, 58, 58, 57, 59, 39, 42, 47, 42, 47]

list_acceptance_ratio [76.71232876712328, 79.71014492753623, 83.88888888888889, 84.02366863905326, 86.59217877094973, 79.60893854748603, 86.0, 84.91620111731844, 86.8945868945869, 80.0, 86.38888888888889, 86.66666666666667, 81.49171270718232, 81.14285714285714, 79.67914438502673, 83.05084745762711, 80.38147138964578, 84.80243161094225, 80.82901554404145, 85.1063829787234, 81.23249299719888, 85.0415512465374, 83.28358208955224, 83.76811594202898, 84.22535211267605, 85.63218390804597, 80.0, 87.60563380281691, 79.16666666666666, 84.88372093023256, 87.60806916426513, 81.15183246073299, 84.0, 81.79271708683473, 79.79539641943734, 82.21024258760107, 82.03125, 84.35754189944134, 83.67875647668393, 84.10958904109589, 88.88888888888889, 82.05128205128204, 80.75801749271136, 84.21052631578947, 84.26966292134831, 80.54794520547945, 79.94428969359332, 87.61609907120743, 85.42274052478133, 82.73809523809523, 85.91549295774648, 79.73333333333333, 80.90185676392572, 79.52380952380952, 81.52492668621701, 85.57993730407524, 82.92682926829268, 79.8941798941799, 89.12386706948641, 79.3103448275862, 82.18085106382979, 81.91780821917808, 87.33766233766234, 79.40379403794037, 83.75350140056022, 80.50139275766016, 86.78678678678679, 81.08108108108108, 77.3841961852861, 86.8421052631579, 77.54010695187165, 82.97872340425532, 78.51458885941645, 78.06267806267806, 78.71148459383754, 80.06134969325154, 78.34757834757835, 80.62678062678063, 76.5625, 81.48148148148148, 75.27472527472527, 77.90368271954674, 79.25696594427245, 77.44565217391305, 78.71720116618076, 82.08955223880598, 75.27472527472527, 75.2021563342318, 81.30311614730878, 76.21621621621621, 75.33875338753387, 78.08988764044943, 73.01136363636364, 74.72527472527473, 71.78082191780823, 76.11111111111111, 76.23188405797102, 74.15730337078652, 74.86187845303867, 80.32786885245902]

list_epi_profit [0.9635943347955631, 0.9639364955522162, 0.9583541990839156, 0.9630484665073595, 0.9665691099986501, 0.9634258210432834, 0.962947138627546, 0.9605807795436274, 0.9611619145500798, 0.964606163801482, 0.9629174908484893, 0.9641324454441789, 0.9631590996190776, 0.9625207824675401, 0.9652480249351258, 0.9626642604372606, 0.963296352650276, 0.9599739008366549, 0.9633715084109875, 0.9646056163625255, 0.9597369555284312, 0.9615778940798636, 0.9647218154443615, 0.9586525477351066, 0.9623772224014493, 0.9604195392690866, 0.9626235636256154, 0.9615493793703629, 0.963236199590829, 0.9609612566337582, 0.9625144703607895, 0.9648661852759469, 0.9649295399058254, 0.9605831228793025, 0.9620333000375806, 0.9612109938301611, 0.961915958675205, 0.9638390378837647, 0.9615252628821289, 0.9613409480734132, 0.9635345085009537, 0.9648615987576117, 0.9669946759140423, 0.962361954030914, 0.9662416037199812, 0.9579446064646129, 0.9664775312237356, 0.9649288772555198, 0.9627855792030059, 0.9645618626041254, 0.9644776631532832, 0.9659792858920428, 0.9602225541512417, 0.9642586952595583, 0.9610125019911014, 0.961488361798634, 0.9651547060970243, 0.9642970634481541, 0.9612981547314182, 0.960908632550447, 0.96213809951236, 0.9631768952695328, 0.9632300195991146, 0.9655341620561962, 0.9603049575542754, 0.962540345208385, 0.9660251050722866, 0.9636586185527558, 0.961895351267172, 0.9610892424347108, 0.9589419859486678, 0.9604280565317032, 0.9591661029346101, 0.9627577617279908, 0.9606973187393466, 0.9658829749180513, 0.96417301874081, 0.9633281137899083, 0.9599504210476403, 0.9647126454884625, 0.9676721752174745, 0.9621040122937993, 0.9645328195142328, 0.9661679849626392, 0.9622282627372718, 0.9620496971061632, 0.9611037950519362, 0.9609483898432447, 0.9624289198330374, 0.9648374692613976, 0.9614502394243402, 0.9618316247821722, 0.961567582691738, 0.9617587988632799, 0.9600278890148578, 0.9648274492295241, 0.9623526644490573, 0.9672046711979926, 0.9607444750433966, 0.9671846727861759]

list_epi_r2c_profit [0.9672519651825945, 0.9672755492340546, 0.9607116279835447, 0.9660665432599326, 0.9698661651559702, 0.9665258029566403, 0.965865527915523, 0.963272220771315, 0.9639971957403539, 0.9676075356289587, 0.9660678874035595, 0.9672624523188171, 0.9660264459229192, 0.9652095033149579, 0.9683856384333938, 0.9656104399722354, 0.9663941906050031, 0.9624716615026025, 0.9661608574984181, 0.9677790239233949, 0.9620675300277047, 0.9642183121350296, 0.967541550314936, 0.9611153077817676, 0.9653799318750258, 0.9629543001851986, 0.9653213929188563, 0.9642802701244161, 0.9660490616575047, 0.9633159027401028, 0.965272867461896, 0.9680001212217396, 0.9678237319028193, 0.9632966498271947, 0.9645903213014021, 0.9637995624744149, 0.9646017141999477, 0.9668060961162857, 0.9643623973521387, 0.9639509966426991, 0.9666734635900581, 0.9679831783551102, 0.9702587137950958, 0.9650692015161934, 0.9696197810111975, 0.9602374465916216, 0.9696913709780456, 0.9677421667726047, 0.9655930430213151, 0.9671696961744429, 0.9674205655679495, 0.9690037216733538, 0.9625197569551606, 0.9674033383596472, 0.963479590641418, 0.9642795087736238, 0.9679829142698806, 0.9674286247878114, 0.9640793831954693, 0.9635579363657713, 0.9648173155681139, 0.9658804014293056, 0.9659336378528292, 0.9685761528512261, 0.9629368393294772, 0.9653198927997796, 0.9689285454201805, 0.9666409318494278, 0.9645966918142338, 0.9637338486823022, 0.9612591383375145, 0.9629398525952899, 0.9616088074155694, 0.9659346916708024, 0.963249000228745, 0.9692343898967684, 0.9669528225068746, 0.9661979067002019, 0.9623435293968451, 0.9678154750108445, 0.9707537938374008, 0.9648459749523048, 0.9675334766293513, 0.9692612530338164, 0.964820446908136, 0.9646603895936148, 0.963695235793048, 0.9632933484590632, 0.9652006191810928, 0.9678140807442447, 0.9639692254615986, 0.964528779386326, 0.9642475728157845, 0.964426222100023, 0.9626306830814214, 0.967932500675233, 0.9653117571221559, 0.9704484739080623, 0.9636619239916668, 0.9700098107783159]

list_epi_reability_profit [0.9306756613122831, 0.9338850124156726, 0.9371373389872623, 0.9358857757341977, 0.9368956135827733, 0.9355259838230723, 0.9366816350357562, 0.9363578084944386, 0.9356443838376105, 0.9375938173541949, 0.9345639218528636, 0.9359623835724276, 0.9373529828845133, 0.9383222948407861, 0.9370095034507185, 0.9361486446225001, 0.9354158110577423, 0.9374940548431322, 0.9382673666241191, 0.9360449483147034, 0.9387617850349674, 0.937814131583375, 0.9393442016091962, 0.9364877073151592, 0.9353528371392739, 0.9376066910240722, 0.9383430999864546, 0.9369713625838958, 0.9379204409907598, 0.9397694416766526, 0.9376888964508258, 0.9366607617638105, 0.9388818119328717, 0.9361613803482803, 0.9390201086631808, 0.9379138760318891, 0.9377441589525266, 0.9371355137910847, 0.9359910526520481, 0.9378505109498395, 0.9352839126990219, 0.9367673823801249, 0.937618334984561, 0.9379967266634143, 0.9358380080990404, 0.9373090453215385, 0.9375529734349569, 0.9396092716017601, 0.9375184048382256, 0.941091360471265, 0.9379915414213059, 0.938759363860251, 0.9395477289159692, 0.9359569073587768, 0.9388087041382557, 0.9363680390237151, 0.9397008325413245, 0.9361130113912483, 0.9362670985549558, 0.9370648982125312, 0.9380251550105666, 0.9388453398315729, 0.9388974553156801, 0.9381562449009356, 0.9366180215774614, 0.9375244168858372, 0.939894141941231, 0.936817798882715, 0.9375832863436132, 0.937287786206384, 0.9380876144490511, 0.9378218919594212, 0.9371817626059901, 0.9341653922426831, 0.9377321853347707, 0.9357202401095973, 0.9391547848462283, 0.9374999775972632, 0.9384124459047969, 0.9367871797870374, 0.939937607638152, 0.9374263483672476, 0.9375269054781615, 0.9383285723220397, 0.9388986051994963, 0.9385534647191013, 0.9377808283819277, 0.9398437623008771, 0.9374836257005389, 0.9380479659157842, 0.9387793650890099, 0.9375572333447857, 0.9374476715753243, 0.9377519897325787, 0.9366027424157835, 0.9368819862181452, 0.9357208303911696, 0.9380104468073683, 0.934487434508967, 0.9417584308569139]


## fourth test: ( endtime: 4, episodes @00, percentage 90% 10%)

attended req [221, 233, 245, 260, 245, 226, 231, 232, 226, 256, 259, 244, 241, 218, 248, 233, 248, 254, 221, 261, 250, 240, 232, 232, 251, 228, 241, 241, 250, 218, 222, 248, 219, 228, 234, 231, 273, 221, 232, 229, 241, 229, 241, 254, 238, 244, 258, 232, 228, 253, 235, 254, 248, 220, 223, 237, 252, 235, 235, 252, 225, 251, 235, 231, 248, 265, 244, 230, 243, 226, 261, 213, 245, 245, 269, 255, 250, 220, 240, 230, 246, 230, 235, 241, 255, 253, 264, 251, 224, 247, 252, 240, 247, 253, 243, 249, 256, 242, 220, 261, 254, 244, 260, 251, 235, 228, 237, 242, 255, 236, 214, 235, 255, 249, 238, 241, 254, 244, 212, 253, 243, 244, 232, 237, 244, 223, 266, 216, 246, 239, 269, 208, 231, 248, 235, 241, 236, 241, 243, 239, 233, 254, 230, 245, 222, 234, 248, 241, 241, 257, 222, 255, 238, 210, 235, 225, 235, 231, 249, 243, 240, 223, 282, 260, 233, 232, 237, 235, 243, 258, 243, 234, 247, 221, 233, 253, 249, 242, 195, 252, 253, 248, 242, 221, 237, 213, 222, 239, 269, 257, 254, 241, 237, 255, 228, 236, 249, 247, 236, 253]

accepted req [176, 170, 202, 211, 199, 195, 197, 192, 183, 213, 215, 201, 196, 189, 191, 187, 199, 207, 182, 220, 198, 200, 195, 194, 214, 179, 198, 191, 202, 186, 181, 206, 196, 192, 202, 189, 219, 194, 197, 187, 215, 185, 198, 205, 201, 190, 206, 192, 189, 204, 201, 214, 207, 187, 183, 190, 200, 202, 194, 196, 183, 216, 211, 200, 190, 214, 196, 193, 208, 186, 206, 191, 197, 202, 211, 214, 209, 180, 195, 181, 208, 188, 197, 194, 208, 202, 207, 182, 190, 204, 198, 192, 199, 193, 203, 206, 191, 190, 184, 214, 196, 196, 201, 193, 196, 177, 196, 184, 205, 190, 174, 192, 195, 192, 184, 202, 188, 188, 170, 202, 191, 212, 201, 190, 190, 174, 214, 182, 196, 188, 201, 162, 184, 193, 193, 177, 189, 193, 192, 189, 194, 193, 191, 188, 163, 186, 182, 182, 175, 197, 173, 194, 180, 179, 199, 177, 184, 162, 178, 185, 183, 176, 207, 192, 178, 185, 168, 184, 188, 181, 189, 178, 173, 184, 182, 176, 178, 163, 159, 176, 196, 177, 179, 160, 163, 162, 168, 175, 166, 199, 189, 196, 156, 171, 138, 178, 154, 161, 168, 180]

terminated_req [153, 156, 183, 189, 184, 167, 173, 177, 169, 194, 191, 185, 174, 169, 166, 174, 181, 190, 159, 195, 183, 175, 177, 172, 191, 158, 178, 167, 182, 167, 160, 187, 177, 167, 185, 168, 196, 172, 175, 169, 201, 166, 182, 184, 179, 170, 183, 174, 174, 185, 175, 182, 182, 164, 159, 178, 183, 180, 176, 175, 160, 196, 188, 178, 173, 190, 174, 172, 189, 175, 182, 173, 172, 179, 187, 192, 190, 160, 177, 166, 190, 169, 174, 177, 187, 175, 191, 159, 172, 180, 180, 173, 180, 181, 180, 186, 167, 175, 163, 195, 177, 173, 188, 175, 178, 160, 173, 174, 181, 174, 152, 172, 179, 171, 167, 179, 167, 169, 153, 186, 172, 191, 186, 170, 172, 154, 189, 158, 177, 168, 180, 142, 172, 174, 174, 154, 176, 177, 172, 167, 176, 175, 168, 167, 152, 170, 160, 161, 154, 174, 151, 177, 162, 161, 180, 160, 160, 151, 158, 165, 163, 157, 185, 172, 156, 171, 156, 163, 165, 163, 169, 161, 157, 164, 165, 161, 164, 147, 143, 160, 177, 156, 160, 138, 147, 150, 150, 160, 152, 176, 168, 177, 141, 154, 124, 164, 141, 149, 156, 157]

lost_r_issue [45, 56, 35, 36, 32, 27, 28, 39, 36, 30, 31, 37, 28, 24, 37, 43, 31, 28, 27, 29, 31, 30, 24, 30, 20, 31, 33, 32, 32, 25, 32, 22, 18, 20, 26, 38, 36, 23, 22, 25, 17, 26, 23, 21, 23, 27, 31, 17, 18, 22, 15, 22, 23, 19, 28, 21, 30, 19, 36, 27, 25, 24, 12, 28, 26, 29, 29, 26, 17, 28, 29, 17, 23, 25, 30, 29, 16, 20, 30, 24, 26, 18, 24, 24, 19, 31, 20, 25, 25, 19, 23, 26, 24, 22, 15, 21, 35, 27, 21, 18, 21, 18, 33, 25, 26, 24, 21, 24, 21, 24, 19, 21, 29, 31, 22, 18, 28, 19, 19, 19, 27, 20, 17, 25, 21, 26, 26, 22, 18, 17, 37, 34, 22, 26, 20, 24, 29, 21, 33, 20, 15, 17, 14, 21, 17, 25, 21, 22, 17, 20, 25, 32, 29, 15, 15, 24, 24, 19, 20, 20, 16, 17, 18, 14, 21, 14, 21, 27, 26, 26, 18, 35, 33, 15, 21, 33, 30, 28, 18, 24, 22, 17, 12, 15, 24, 11, 29, 27, 22, 22, 18, 15, 18, 25, 44, 17, 16, 40, 22, 22]

list_lost_resc [0, 7, 8, 13, 14, 4, 6, 1, 7, 13, 13, 6, 17, 5, 20, 3, 18, 19, 12, 12, 21, 10, 13, 8, 17, 18, 10, 18, 16, 7, 9, 20, 5, 16, 6, 4, 18, 4, 13, 17, 9, 18, 20, 28, 14, 27, 21, 23, 21, 27, 19, 18, 18, 14, 12, 26, 22, 14, 5, 29, 17, 11, 12, 3, 32, 22, 19, 11, 18, 12, 26, 5, 25, 18, 28, 12, 25, 20, 15, 25, 12, 24, 14, 23, 28, 20, 37, 44, 9, 24, 31, 22, 24, 38, 25, 22, 30, 25, 15, 29, 37, 30, 26, 33, 13, 27, 20, 34, 29, 22, 21, 22, 31, 26, 32, 21, 38, 37, 23, 32, 25, 12, 14, 22, 33, 23, 26, 12, 32, 34, 31, 12, 25, 29, 22, 40, 18, 27, 18, 30, 24, 44, 25, 36, 42, 23, 45, 37, 49, 40, 24, 29, 29, 16, 21, 24, 27, 50, 51, 38, 41, 30, 57, 54, 34, 33, 48, 24, 29, 51, 36, 21, 41, 22, 30, 44, 41, 51, 18, 52, 35, 54, 51, 46, 50, 40, 25, 37, 81, 36, 47, 30, 63, 59, 46, 41, 79, 46, 46, 51]

list_acceptance_ratio [79.63800904977376, 72.96137339055794, 82.44897959183673, 81.15384615384616, 81.22448979591836, 86.28318584070797, 85.28138528138528, 82.75862068965517, 80.97345132743364, 83.203125, 83.01158301158301, 82.37704918032787, 81.32780082987551, 86.69724770642202, 77.01612903225806, 80.25751072961373, 80.24193548387096, 81.49606299212599, 82.35294117647058, 84.2911877394636, 79.2, 83.33333333333334, 84.05172413793103, 83.62068965517241, 85.2589641434263, 78.50877192982456, 82.15767634854771, 79.25311203319502, 80.80000000000001, 85.3211009174312, 81.53153153153153, 83.06451612903226, 89.49771689497716, 84.21052631578947, 86.32478632478633, 81.81818181818183, 80.21978021978022, 87.78280542986425, 84.91379310344827, 81.6593886462882, 89.21161825726142, 80.78602620087337, 82.15767634854771, 80.70866141732283, 84.45378151260505, 77.8688524590164, 79.84496124031007, 82.75862068965517, 82.89473684210526, 80.63241106719367, 85.53191489361703, 84.25196850393701, 83.46774193548387, 85.0, 82.0627802690583, 80.16877637130801, 79.36507936507937, 85.95744680851064, 82.5531914893617, 77.77777777777779, 81.33333333333333, 86.05577689243027, 89.7872340425532, 86.58008658008657, 76.61290322580645, 80.75471698113208, 80.32786885245902, 83.91304347826087, 85.59670781893004, 82.30088495575221, 78.9272030651341, 89.67136150234741, 80.40816326530611, 82.44897959183673, 78.43866171003717, 83.92156862745098, 83.6, 81.81818181818183, 81.25, 78.69565217391305, 84.5528455284553, 81.73913043478261, 83.82978723404256, 80.49792531120332, 81.56862745098039, 79.84189723320159, 78.4090909090909, 72.50996015936255, 84.82142857142857, 82.5910931174089, 78.57142857142857, 80.0, 80.5668016194332, 76.28458498023716, 83.53909465020575, 82.73092369477911, 74.609375, 78.51239669421489, 83.63636363636363, 81.99233716475096, 77.16535433070865, 80.32786885245902, 77.3076923076923, 76.89243027888446, 83.40425531914893, 77.63157894736842, 82.70042194092827, 76.03305785123968, 80.3921568627451, 80.50847457627118, 81.30841121495327, 81.70212765957446, 76.47058823529412, 77.10843373493977, 77.31092436974791, 83.81742738589212, 74.01574803149606, 77.04918032786885, 80.18867924528303, 79.84189723320159, 78.60082304526749, 86.88524590163934, 86.63793103448276, 80.16877637130801, 77.8688524590164, 78.02690582959642, 80.45112781954887, 84.25925925925925, 79.67479674796748, 78.66108786610879, 74.72118959107806, 77.88461538461539, 79.65367965367966, 77.82258064516128, 82.12765957446808, 73.44398340248964, 80.08474576271186, 80.08298755186722, 79.01234567901234, 79.07949790794979, 83.2618025751073, 75.98425196850394, 83.04347826086956, 76.73469387755102, 73.42342342342343, 79.48717948717949, 73.38709677419355, 75.51867219917013, 72.61410788381743, 76.65369649805449, 77.92792792792793, 76.07843137254902, 75.63025210084034, 85.23809523809524, 84.68085106382979, 78.66666666666666, 78.29787234042553, 70.12987012987013, 71.4859437751004, 76.13168724279835, 76.25, 78.9237668161435, 73.40425531914893, 73.84615384615385, 76.39484978540773, 79.74137931034483, 70.88607594936708, 78.29787234042553, 77.36625514403292, 70.15503875968993, 77.77777777777779, 76.06837606837607, 70.04048582995951, 83.2579185520362, 78.11158798283262, 69.56521739130434, 71.4859437751004, 67.35537190082644, 81.53846153846153, 69.84126984126983, 77.4703557312253, 71.37096774193549, 73.96694214876032, 72.39819004524887, 68.77637130801688, 76.05633802816901, 75.67567567567568, 73.22175732217573, 61.71003717472119, 77.431906614786, 74.40944881889764, 81.32780082987551, 65.82278481012658, 67.05882352941175, 60.526315789473685, 75.42372881355932, 61.84738955823293, 65.18218623481782, 71.1864406779661, 71.14624505928853]

list_epi_profit [0.9640474358811406, 0.9671790741728185, 0.9621722322998472, 0.9641693310900096, 0.9651213439079306, 0.9643539294593401, 0.9630084815879376, 0.9627575915017889, 0.9611928350667528, 0.9649913068548582, 0.9628585185299828, 0.9596786600177613, 0.9658978514971881, 0.9642574586657214, 0.9663010862515912, 0.9618892053213682, 0.9582868720054493, 0.9614667606629053, 0.9684546405813707, 0.9643338848131066, 0.9638641065072551, 0.9639490948038842, 0.9594530626755683, 0.9637744281016469, 0.9630188829346336, 0.9661961730922874, 0.9621751826262215, 0.9618337279095591, 0.9642608999153063, 0.9586165321323282, 0.9620287577492774, 0.9618982214435133, 0.9636692331824154, 0.9667869067022897, 0.9664938967843589, 0.9656142251080078, 0.960085007812993, 0.9602841418111081, 0.9596690839190236, 0.9696733185122313, 0.9643316628128763, 0.9613118508640962, 0.9641515389828195, 0.9647559794507795, 0.9630315030475336, 0.9667949516321582, 0.9643700051582623, 0.967357782161902, 0.9677669353625978, 0.9622553653323481, 0.9669035017114528, 0.9603084009584136, 0.965449521010033, 0.9681794728099878, 0.9666790492848887, 0.9620190853688826, 0.9635620530283561, 0.9686739668433053, 0.9589246866928867, 0.9655865516746172, 0.9594337984113106, 0.9578357288454347, 0.9605014762734703, 0.9664225615831731, 0.9629843791543723, 0.9614495367598428, 0.9628273049125822, 0.9665318000881256, 0.9644383889033018, 0.9669649062019611, 0.9676175922204266, 0.9636344528138255, 0.9686146646259569, 0.9628922992708551, 0.9622288686915702, 0.9628664401609748, 0.9605437567558099, 0.963808968119947, 0.9643353404084268, 0.9670397018977482, 0.9662823964190872, 0.9661909105284042, 0.9616967770657963, 0.9636562109511425, 0.9643042987334092, 0.9637233863177389, 0.9660393497921037, 0.9677075021682192, 0.9616847595107716, 0.9616711427301271, 0.9632895170961476, 0.9630510458413517, 0.9669657763866589, 0.9673060438404713, 0.9626239117516747, 0.9608530517852313, 0.9653662978541439, 0.9668926594842606, 0.9651205898553207, 0.9643534468015915, 0.9626492564760388, 0.9622177678468226, 0.9593209157177405, 0.9629815368247951, 0.9630189425566367, 0.9636610948659217, 0.9664596019811814, 0.9661608961185256, 0.9582098974972079, 0.9612355444679429, 0.9622489656539501, 0.9609953366719353, 0.9654322547445469, 0.9651065080291583, 0.9661141716333964, 0.9645804788259489, 0.9664302158497516, 0.9618308715453465, 0.9652266387877578, 0.9688034638992505, 0.964694580599754, 0.9623267117968693, 0.9615984826008662, 0.9646885125938313, 0.9629670860295023, 0.9626537397563486, 0.9602506672989182, 0.9632078924149537, 0.9618465870981835, 0.9653004171228949, 0.9632448483960557, 0.9634522103944193, 0.9636796895413171, 0.9619346168013697, 0.9619130585670502, 0.9600311769927466, 0.9619955934257131, 0.9591786563189146, 0.9576223041434829, 0.9649948155152919, 0.9628382493942835, 0.960855759137971, 0.9686987205454243, 0.9609444841951421, 0.9615670234614954, 0.963752321223293, 0.9611108962228097, 0.9631403007785057, 0.9690030108114994, 0.9626678572060138, 0.9607208953578835, 0.9615812581265132, 0.9647184514881909, 0.9579367372378892, 0.9658078281057274, 0.9649750507367404, 0.9628545234349046, 0.9630491727946398, 0.9634218078106456, 0.9635970225852085, 0.9640570193485901, 0.9643808616061158, 0.962246700501984, 0.9637047656273475, 0.9611045414265966, 0.9685250163414905, 0.9622714351078815, 0.962142922340888, 0.9655923365562163, 0.9662470472332313, 0.9653442965668957, 0.9683728153708939, 0.9677679825119264, 0.9682969344363308, 0.9653306905973786, 0.9662951481184678, 0.9636976894988863, 0.9663691037160947, 0.9650729704809368, 0.9639877859469188, 0.9599816469207875, 0.9633533765537661, 0.961565344657987, 0.966359232423672, 0.9646991966299371, 0.9665983653823921, 0.9619293246776518, 0.9656811991896632, 0.9641898162615026, 0.960222922322385, 0.9670123543626049, 0.9633852910602334, 0.9731267322072352, 0.9705398064960664, 0.9733276352874494, 0.9666369176494523, 0.9699727283142288, 0.9616100405018927, 0.9650941645625926, 0.9614113912789354]

list_epi_r2c_profit [0.9677752245377692, 0.9710143583071678, 0.9652529369739238, 0.9672403373311642, 0.9683474832993607, 0.9675120885134759, 0.9660671723519176, 0.9659227003225909, 0.9640212962078752, 0.9683142197458786, 0.965834659130417, 0.9623832776722107, 0.9692693479346532, 0.967220936823059, 0.9695773898707709, 0.9648987962563556, 0.9607751286945678, 0.9644618393237687, 0.9720499271219539, 0.96752202944066, 0.966988624290232, 0.9668961994241769, 0.9619958821575016, 0.9669167302708371, 0.9657100522653322, 0.9691934373236296, 0.9651556981451972, 0.9646533765422624, 0.9674648841599874, 0.9608996702002112, 0.964970901544831, 0.9645600466180252, 0.9666764361304461, 0.969942777140323, 0.9698622475577786, 0.969076344393537, 0.9628769565415902, 0.9626778395461142, 0.9618037304614341, 0.9730055532550937, 0.9673476436468229, 0.9636652476924413, 0.9669658382595983, 0.9679044784649291, 0.9659169555770177, 0.9701956125291459, 0.9673451022143978, 0.970480568347981, 0.970784004460045, 0.965005944177122, 0.9701379243304432, 0.962925309399202, 0.968540517543223, 0.9715648901760209, 0.9699193358405794, 0.9647625626578453, 0.9662725938448802, 0.9719854358141633, 0.9616305424714232, 0.9686561338665091, 0.9619657038180129, 0.9602796296799125, 0.9630001165683557, 0.9697858922179953, 0.965861027945452, 0.9642449315919761, 0.9655877336489326, 0.9699384900164904, 0.9676908452888425, 0.9704494193562211, 0.9711419736325025, 0.966719841683474, 0.9720587833306582, 0.965847095834653, 0.9652396635677972, 0.9659130677770013, 0.9630104126623374, 0.9666720617251059, 0.9674911015234587, 0.9700628998716726, 0.9694195411895419, 0.9691941648615932, 0.964657588873721, 0.9667015064736569, 0.9671235582647603, 0.9667488553293498, 0.9692182988019786, 0.9707792395975773, 0.9645257449539879, 0.9642360527494112, 0.9660460265237654, 0.9660504464619297, 0.9699857139091075, 0.9706453658058578, 0.9651969166713861, 0.9634245490965848, 0.9683761723107435, 0.9701990267704034, 0.9682276247102518, 0.9672482489158599, 0.9654334829719223, 0.9647511510732353, 0.9618097386728504, 0.9658925479969592, 0.9660632102006128, 0.9664641689111079, 0.9693948687879672, 0.9694469837753246, 0.9604918161083668, 0.9638971050467801, 0.96513426127571, 0.9632829026028852, 0.9686063188647298, 0.9681587236522424, 0.9691889528754986, 0.9675799866209357, 0.9695206451105495, 0.9645700803277222, 0.9683309143705818, 0.9721861022819209, 0.9677467609632217, 0.9651670937848501, 0.9642223248400371, 0.9677699908944568, 0.9657844397789165, 0.9658063896755871, 0.9630753746006605, 0.9661650849364944, 0.9643756999830343, 0.9681501056764796, 0.9661666260522311, 0.9667941763696135, 0.9667944273748661, 0.96453377438546, 0.9644543047330104, 0.962229353615311, 0.9648454669707377, 0.9620185491858824, 0.9599570994221981, 0.9677797924167222, 0.9655099129612152, 0.9634073070621976, 0.9720799323707597, 0.9637651982504737, 0.9642232947570996, 0.9664959592672816, 0.9636118376367531, 0.965935516830281, 0.9721964860694097, 0.9652549271424063, 0.96336113001757, 0.9646236244706885, 0.9679525785846178, 0.9603121023794591, 0.9690580358429237, 0.9679913953698109, 0.9657600347178921, 0.9659195349690358, 0.9657149193555261, 0.9662907965352638, 0.966772917709549, 0.9671935077914152, 0.9646906877877603, 0.9666578151164055, 0.9637225659759674, 0.9718809574467455, 0.9648137448526632, 0.9651980235267013, 0.9687401281895255, 0.9691205522640645, 0.968646483590164, 0.9721123223101837, 0.9711440184895787, 0.9715749250271647, 0.9680231301603114, 0.9697735732817285, 0.9669153126958023, 0.9693503493896826, 0.9679725593108792, 0.9667435958328998, 0.9626214578001968, 0.9657784963092679, 0.963744018325732, 0.9688700873226459, 0.967393797002587, 0.9695537386197448, 0.9650924440299582, 0.9688633010428968, 0.9666893372491681, 0.9629790009598251, 0.9699784774414532, 0.9661059998356832, 0.9764951298716218, 0.9742722723107761, 0.9776476311771598, 0.969553693909679, 0.9730188943058361, 0.9648050192387816, 0.9682392295157075, 0.963768486949257]

list_epi_reability_profit [0.9304973379714798, 0.9326615169636817, 0.9344458902331596, 0.9365302749196225, 0.9360860893850542, 0.9359304979721189, 0.9354802647121231, 0.9342716121145745, 0.935736684796646, 0.9350850908356689, 0.9360732531260731, 0.935337101127706, 0.9355543835599912, 0.9375861552496878, 0.9368143536789817, 0.9348028869064827, 0.9358925618033783, 0.934511052715135, 0.9360970617161212, 0.9356405831651334, 0.9357434464604539, 0.937425153221252, 0.9365676873381733, 0.9354937085789378, 0.9387983589583488, 0.9392207950102066, 0.9353505429554397, 0.9364568902152253, 0.9354250417131783, 0.9380682895213799, 0.9355494635892955, 0.9379417948729036, 0.9366044066501401, 0.9383840727600016, 0.9361787398235749, 0.934455151538237, 0.9349574692556127, 0.9387408621960611, 0.9404572650373304, 0.9396832058264784, 0.9371878353073677, 0.9401312794089912, 0.9388228454918168, 0.9364194883234377, 0.9370624302821932, 0.9361890035592705, 0.9375941316530446, 0.939252706487186, 0.9406133134855739, 0.9375001557293837, 0.9377936981405426, 0.9367562249913168, 0.9376305522113244, 0.9377107165156934, 0.9375164702836808, 0.9373277897682222, 0.9391671856796396, 0.9388707461055819, 0.9345719846860632, 0.9379603119475949, 0.9366466497509879, 0.9358406213351275, 0.9380137136195017, 0.9361525858697826, 0.9370945400346494, 0.9362909832706513, 0.9379834462854238, 0.9358715907328521, 0.9351662814334329, 0.935604287813624, 0.9358981595117418, 0.935865952986995, 0.9376175962836509, 0.9362991301966758, 0.9351317148055324, 0.9354467916167342, 0.9383438535970656, 0.9380411256735137, 0.9359334903731336, 0.9398309201324443, 0.9380480934849913, 0.9391616215297092, 0.9350494707944798, 0.9362485512485081, 0.9389309629512498, 0.9364941652132377, 0.9374288087032322, 0.940061865304008, 0.9361158905218238, 0.9385869525565724, 0.9384809322475903, 0.9360564402561464, 0.9397863386846287, 0.9372521461519908, 0.9394668674742743, 0.9377095759830416, 0.9382774277447475, 0.9371353539089771, 0.9371572761609374, 0.9383002277731738, 0.9375912180130935, 0.9394173188091215, 0.9369215091217493, 0.9367824362753193, 0.9356205337608535, 0.9384334284592428, 0.9400422007201176, 0.9365861072073419, 0.937672629996776, 0.9372814992584073, 0.9362813050581212, 0.9404072432933809, 0.936865677662892, 0.9376365674214058, 0.9384411404544797, 0.9375849086710679, 0.9386163525025749, 0.9371779925039695, 0.9372881585423475, 0.9383597184552199, 0.9372249573285344, 0.9367632739050418, 0.9379839024483299, 0.9369552078882013, 0.9376109022847875, 0.93427989048321, 0.934828301583236, 0.936593159721093, 0.939084571134525, 0.9396532201406407, 0.9369488494904762, 0.933374516617679, 0.9356470490393841, 0.9385421985445637, 0.9390418430734189, 0.9402475873896714, 0.9363467315204925, 0.9336196205161996, 0.9366091466350411, 0.9399300234024217, 0.938793277291905, 0.9378918278199359, 0.9382678141174041, 0.9355580576971606, 0.9376605818010629, 0.9390595788273917, 0.9386024234973254, 0.9379833563125216, 0.9402617334903087, 0.939384227778481, 0.9369587834207052, 0.9341999610289344, 0.9356113076203544, 0.9365584509637638, 0.9365559584709712, 0.937827949039107, 0.9367049218880175, 0.9372159132250716, 0.9427838039067238, 0.9393530570347149, 0.9396139340999637, 0.9390670459384226, 0.9402508149299914, 0.937127320225831, 0.9375423204822606, 0.9383215463942044, 0.9393906474048477, 0.9346470116685749, 0.937262211856443, 0.9403855019557367, 0.9356246133574787, 0.934717252917285, 0.9373836587130573, 0.938795019118834, 0.9410987345309861, 0.93498932164913, 0.9347390807266356, 0.939537892653808, 0.9389766710114574, 0.9391854969730933, 0.9362233490061015, 0.9415272987542549, 0.9419572816482851, 0.9437615383329081, 0.9404477932760893, 0.9400000062462274, 0.9334612505068965, 0.9370422825105665, 0.9416941273725153, 0.9354182145854242, 0.9403172466529692, 0.9388989120811848, 0.9428111532277669, 0.936947614163685, 0.9344476722800639, 0.9403859313074138, 0.9425572343897609, 0.9328552318699002, 0.9367885799845668, 0.9401975302460472]








