attended req [38, 39, 42, 41]

accepted req [22, 30, 23, 23]

terminated_req [7, 26, 29, 26]

lost_r_issue [6, 2, 3, 6]

list_lost_resc [0, 2, 7, 7]

list_acceptance_ratio [57.89473684210527, 76.92307692307693, 54.761904761904766, 56.09756097560976]

list_epi_profit [0.9934781513853668, 1.0022651176105595, 1.0018803747001466, 0.9984042896256505]

list_epi_r2c_profit [0.9781880825157402, 0.9779799345794287, 0.9803376021741276, 0.9764259260943036]

list_epi_latency_profit [0.8447863636363638, 0.7825466666666666, 0.7885260869565218, 0.7944739130434783]

